Serial	Date Time	ref(uF)	(uF)	(uF)	(uF)	(uF)	(uF)	(C)
          	22/12/2020 08:09:18	0,00	24,66	24,55	24,55	0,00	0,00	+25
          	22/12/2020 08:10:12	0,00	24,58	24,66	24,50	0	0	+26
          	22/12/2020 08:10:48	0,00	24,63	24,69	24,60	0	0	+26
          	22/12/2020 08:11:24	0,00	24,71	24,76	24,64	0	0	+27
          	22/12/2020 08:12:20	0,00	24,43	24,50	24,31	0	0	+27
          	22/12/2020 08:12:57	0,00	24,45	24,51	24,48	0	0	+27
          	22/12/2020 08:13:29	0,00	24,74	24,78	24,70	0	0	+27
          	22/12/2020 08:14:00	0,00	24,41	24,47	24,40	0	0	+28
          	22/12/2020 08:14:42	0,00	24,86	24,76	24,89	0	0	+28
          	22/12/2020 08:15:18	0,00	24,74	24,75	24,92	0	0	+28
          	22/12/2020 08:17:10	0,00	24,51	24,60	24,54	0	0	+29
          	22/12/2020 08:18:57	0,00	24,45	24,56	24,56	0	0	+29
          	22/12/2020 08:19:33	0,00	24,42	24,45	24,31	0	0	+29
          	22/12/2020 08:20:34	0,00	24,49	24,58	24,53	0	0	+29
          	22/12/2020 08:21:08	0,00	24,37	24,34	24,35	0	0	+30
          	22/12/2020 08:22:06	0,00	24,46	24,47	24,48	0	0	+30
          	22/12/2020 08:22:51	0,00	24,51	24,48	24,48	0	0	+30
          	22/12/2020 08:23:31	0,00	24,83	24,72	24,89	0	0	+30
          	22/12/2020 08:24:49	0,00	24,70	24,86	24,79	0	0	+30
          	22/12/2020 08:25:33	0,00	24,81	24,80	24,76	0	0	+30
          	22/12/2020 08:26:14	0,00	24,44	24,41	24,36	0	0	+30
          	22/12/2020 08:27:02	0,00	24,56	24,45	24,53	0	0	+30
          	22/12/2020 08:27:36	0,00	24,61	24,71	24,63	0	0	+30
          	22/12/2020 08:28:21	0,00	24,71	24,62	24,58	0	0	+30
          	22/12/2020 08:29:02	0,00	24,50	24,56	24,69	0	0	+30
          	22/12/2020 08:29:52	0,00	24,63	24,58	24,50	0	0	+30
          	22/12/2020 08:30:34	0,00	24,37	24,41	24,42	0	0	+30
          	22/12/2020 08:31:31	0,00	24,39	24,44	24,49	0	0	+30
          	22/12/2020 08:32:28	0,00	24,65	24,66	24,61	0	0	+30
          	22/12/2020 08:33:11	0,00	24,51	24,49	24,41	0	0	+30
          	22/12/2020 08:33:54	0,00	24,67	24,55	24,65	0	0	+30
          	22/12/2020 08:34:37	0,00	24,60	24,29	24,57	0	0	+30
          	22/12/2020 08:37:18	0,00	24,70	24,62	24,53	0	0	+31
          	22/12/2020 08:38:13	0,00	24,69	24,70	24,54	0	0	+31
          	22/12/2020 08:38:58	0,00	24,23	24,29	24,19	0	0	+31
          	22/12/2020 08:39:37	0,00	24,59	24,68	24,71	0	0	+31
          	22/12/2020 08:40:20	0,00	24,61	24,46	24,60	0	0	+31
          	22/12/2020 08:40:57	0,00	24,66	24,63	24,47	0	0	+31
          	22/12/2020 08:41:31	0,00	24,80	24,70	24,74	0	0	+31
          	22/12/2020 08:42:14	0,00	24,82	24,76	24,72	0	0	+31
          	22/12/2020 08:43:03	0,00	24,54	24,63	24,58	0	0	+31
          	22/12/2020 08:43:51	0,00	24,56	24,70	24,62	0	0	+31
          	22/12/2020 08:44:33	0,00	24,73	24,67	24,63	0	0	+31
          	22/12/2020 08:45:16	0,00	24,64	24,57	24,59	0	0	+31
          	22/12/2020 08:46:21	0,00	24,81	24,74	24,76	0	0	+31
          	22/12/2020 08:47:13	0,00	24,26	24,14	24,23	0	0	+31
          	22/12/2020 08:47:52	0,00	24,24	24,45	24,38	0	0	+31
          	22/12/2020 08:48:34	0,00	24,56	24,58	24,51	0	0	+31
          	22/12/2020 08:49:15	0,00	24,75	24,81	24,72	0	0	+31
          	22/12/2020 08:50:05	0,00	24,54	24,62	24,60	0	0	+31
          	22/12/2020 08:50:54	0,00	24,37	24,32	24,26	0	0	+31
          	22/12/2020 08:51:33	0,00	24,78	24,65	24,76	0	0	+31
          	22/12/2020 08:52:21	0,00	24,70	24,77	24,78	0	0	+31
          	22/12/2020 08:53:13	0,00	24,76	24,65	24,70	0	0	+31
          	22/12/2020 08:54:15	0,00	24,72	24,70	24,65	0	0	+31
          	22/12/2020 08:54:56	0,00	24,68	24,60	24,67	0	0	+32
          	22/12/2020 08:55:55	0,00	24,22	24,26	24,31	0	0	+32
          	22/12/2020 08:56:45	0,00	24,62	24,63	24,52	0	0	+32
          	22/12/2020 08:57:28	0,00	24,37	24,35	24,45	0	0	+32
          	22/12/2020 08:57:59	0,00	24,69	24,71	24,67	0	0	+32
          	22/12/2020 08:59:35	0,00	24,16	24,17	24,13	0	0	+32
          	22/12/2020 09:00:10	0,00	24,51	24,55	24,61	0	0	+32
          	22/12/2020 09:01:11	0,00	24,55	24,61	24,56	0	0	+32
          	22/12/2020 09:01:44	0,00	24,59	24,64	24,59	0	0	+32
          	22/12/2020 09:02:48	0,00	24,71	24,82	24,77	0	0	+32
          	22/12/2020 09:03:33	0,00	24,70	24,61	24,68	0	0	+32
          	22/12/2020 09:05:20	0,00	24,68	24,67	24,68	0	0	+32
          	22/12/2020 09:06:03	0,00	24,51	24,42	24,43	0	0	+32
          	22/12/2020 09:06:43	0,00	24,68	24,62	24,66	0	0	+32
          	22/12/2020 09:07:22	0,00	24,50	24,43	24,45	0	0	+32
          	22/12/2020 09:08:27	0,00	24,69	24,67	24,72	0	0	+32
          	22/12/2020 09:09:10	0,00	24,68	24,65	24,64	0	0	+32
          	22/12/2020 09:09:54	0,00	24,60	24,60	24,52	0	0	+32
          	22/12/2020 09:10:40	0,00	24,61	24,62	24,66	0	0	+32
          	22/12/2020 09:11:12	0,00	24,63	24,64	24,55	0	0	+32
          	22/12/2020 09:11:48	0,00	24,58	24,55	24,53	0	0	+33
          	22/12/2020 09:12:22	0,00	24,44	24,48	24,49	0	0	+33
          	22/12/2020 09:13:02	0,00	24,56	24,50	24,45	0	0	+33
          	22/12/2020 09:13:43	0,00	24,59	24,71	24,66	0	0	+33
          	22/12/2020 09:14:19	0,00	24,57	24,57	24,58	0	0	+33
          	22/12/2020 09:15:17	0,00	24,46	24,47	24,48	0	0	+33
          	22/12/2020 09:17:15	0,00	24,57	24,62	24,60	0	0	+33
          	22/12/2020 09:17:52	0,00	24,62	24,56	24,58	0	0	+33
          	22/12/2020 09:18:40	0,00	24,71	24,70	24,72	0	0	+34
          	22/12/2020 09:19:44	0,00	24,29	24,26	24,26	0	0	+34
          	22/12/2020 09:20:19	0,00	24,60	24,60	24,58	0	0	+34
          	22/12/2020 09:21:00	0,00	24,52	24,51	24,53	0	0	+34
          	22/12/2020 09:21:50	0,00	24,49	24,51	24,55	0	0	+34
          	22/12/2020 09:25:07	0,00	24,39	24,58	24,51	0	0	+34
          	22/12/2020 09:25:44	0,00	24,65	24,72	24,68	0	0	+34
          	22/12/2020 09:26:28	0,00	24,46	24,43	24,46	0	0	+34
          	22/12/2020 09:27:08	0,00	24,65	24,58	24,71	0	0	+34
          	22/12/2020 09:27:53	0,00	24,68	24,64	24,66	0	0	+34
          	22/12/2020 09:28:34	0,00	24,69	24,61	24,56	0	0	+34
          	22/12/2020 09:29:16	0,00	24,75	24,78	24,78	0	0	+34
          	22/12/2020 09:29:53	0,00	24,66	24,70	24,65	0	0	+34
          	22/12/2020 09:30:36	0,00	24,31	24,33	24,29	0	0	+34
          	22/12/2020 09:31:15	0,00	24,64	24,60	24,69	0	0	+34
          	22/12/2020 09:31:55	0,00	24,64	24,67	24,56	0	0	+34
          	22/12/2020 09:32:28	0,00	24,51	24,52	24,60	0	0	+34
          	22/12/2020 09:33:15	0,00	24,55	24,63	24,59	0	0	+34
          	22/12/2020 09:34:02	0,00	24,56	24,51	24,53	0	0	+34
          	22/12/2020 09:34:36	0,00	24,56	24,58	24,56	0	0	+34
          	22/12/2020 09:35:30	0,00	24,65	24,61	24,60	0	0	+34
          	22/12/2020 09:36:04	0,00	24,24	24,22	24,24	0	0	+34
          	22/12/2020 09:36:38	0,00	24,62	24,62	24,61	0	0	+34
          	22/12/2020 09:37:13	0,00	24,67	24,68	24,66	0	0	+34
          	22/12/2020 09:37:48	0,00	24,52	24,49	24,44	0	0	+34
          	22/12/2020 09:38:48	0,00	24,54	24,49	24,48	0	0	+34
          	22/12/2020 09:39:27	0,00	24,53	24,53	24,54	0	0	+34
          	22/12/2020 09:40:19	0,00	24,53	24,54	24,52	0	0	+34
          	22/12/2020 09:41:19	0,00	24,51	24,56	24,61	0	0	+34
          	22/12/2020 09:42:01	0,00	24,60	24,59	24,64	0	0	+34
          	22/12/2020 09:42:43	0,00	24,60	24,58	24,55	0	0	+34
          	22/12/2020 09:43:17	0,00	24,55	24,52	24,51	0	0	+35
          	22/12/2020 09:43:53	0,00	24,63	24,54	24,49	0	0	+35
          	22/12/2020 09:44:39	0,00	24,67	24,60	24,71	0	0	+35
          	22/12/2020 09:45:10	0,00	24,60	24,63	24,57	0	0	+35
          	22/12/2020 09:45:52	0,00	24,65	24,60	24,64	0	0	+35
          	22/12/2020 09:46:28	0,00	24,63	24,57	24,63	0	0	+35
